              precision    recall  f1-score   support

           0       0.40      0.40      0.40        20
           1       0.29      0.60      0.39        10
           2       0.40      0.50      0.44        20
           3       0.25      0.30      0.27        20
           4       0.21      0.20      0.21        20
           5       0.33      0.25      0.29        20
           6       0.38      0.25      0.30        20
           7       0.62      0.40      0.48        20

    accuracy                           0.35       150
   macro avg       0.36      0.36      0.35       150
weighted avg       0.36      0.35      0.35       150
